(286.5, 179.40261840820312, 290.761474609375, 189.19912719726562, 'S', 0, 0, 0)
(292.636474609375, 179.40261840820312, 296.359130859375, 189.19912719726562, 'E', 0, 0, 1)
(298.234130859375, 179.40261840820312, 302.71954345703125, 189.19912719726562, 'R', 0, 0, 2)
(304.59454345703125, 179.40261840820312, 309.56976318359375, 189.19912719726562, 'V', 0, 0, 3)
(311.4447326660156, 179.40261840820312, 313.3900451660156, 189.19912719726562, 'I', 0, 0, 4)
(315.2650451660156, 179.40261840820312, 320.6391296386719, 189.19912719726562, 'C', 0, 0, 5)
(322.5141296386719, 179.40261840820312, 326.2367858886719, 189.19912719726562, 'E', 0, 0, 6)
(328.11175537109375, 179.40261840820312, 332.1912841796875, 189.19912719726562, '-', 0, 0, 7)
(334.0663146972656, 179.40261840820312, 339.0835266113281, 189.19912719726562, 'D', 0, 0, 8)
(340.9585266113281, 179.40261840820312, 342.9038391113281, 189.19912719726562, 'I', 0, 0, 9)
(344.77880859375, 179.40261840820312, 349.040283203125, 189.19912719726562, 'S', 0, 0, 10)
(350.915283203125, 179.40261840820312, 355.9255065917969, 189.19912719726562, 'A', 0, 0, 11)
(357.80047607421875, 179.40261840820312, 362.29986572265625, 189.19912719726562, 'B', 0, 0, 12)
(364.17486572265625, 179.40261840820312, 367.38671875, 189.19912719726562, 'L', 0, 0, 13)
(369.26171875, 179.40261840820312, 372.984375, 189.19912719726562, 'E', 0, 0, 14)
(374.859375, 179.40261840820312, 379.8765869140625, 189.19912719726562, 'D', 0, 0, 15)
(385.2919921875, 179.40261840820312, 390.2672119140625, 189.19912719726562, 'V', 0, 0, 16)
(392.1422119140625, 179.40261840820312, 395.8648681640625, 189.19912719726562, 'E', 0, 0, 17)
(397.7398681640625, 179.40261840820312, 401.7774353027344, 189.19912719726562, 'T', 0, 0, 18)
(403.6524353027344, 179.40261840820312, 407.3750915527344, 189.19912719726562, 'E', 0, 0, 19)
(409.2501220703125, 179.40261840820312, 413.73553466796875, 189.19912719726562, 'R', 0, 0, 20)
(415.6105041503906, 179.40261840820312, 420.6207275390625, 189.19912719726562, 'A', 0, 0, 21)
(422.4957275390625, 179.40261840820312, 427.6388854980469, 189.19912719726562, 'N', 0, 0, 22)
(433.05426025390625, 179.40261840820312, 438.54730224609375, 189.19912719726562, 'O', 0, 0, 23)
(440.42230224609375, 179.40261840820312, 447.5877380371094, 189.19912719726562, 'W', 0, 0, 24)
(449.46270751953125, 179.40261840820312, 454.6058654785156, 189.19912719726562, 'N', 0, 0, 25)
(456.48089599609375, 179.40261840820312, 460.20355224609375, 189.19912719726562, 'E', 0, 0, 26)
(462.07855224609375, 179.40261840820312, 467.09576416015625, 189.19912719726562, 'D', 0, 0, 27)
(472.5111083984375, 179.40261840820312, 476.7725830078125, 189.19912719726562, 'S', 0, 0, 28)
(478.6475830078125, 179.40261840820312, 484.9383239746094, 189.19912719726562, 'M', 0, 0, 29)
(486.8133544921875, 179.40261840820312, 491.8235778808594, 189.19912719726562, 'A', 0, 0, 30)
(493.6985778808594, 179.40261840820312, 496.9104309082031, 189.19912719726562, 'L', 0, 0, 31)
(498.7854309082031, 179.40261840820312, 501.9972839355469, 189.19912719726562, 'L', 0, 0, 32)
(507.4127197265625, 179.40261840820312, 511.912109375, 189.19912719726562, 'B', 0, 0, 33)
(513.787109375, 179.40261840820312, 518.6643676757812, 189.19912719726562, 'U', 0, 0, 34)
(520.5393676757812, 179.40261840820312, 524.8008422851562, 189.19912719726562, 'S', 0, 0, 35)
(526.6759033203125, 179.40261840820312, 528.6212158203125, 189.19912719726562, 'I', 0, 0, 36)
(530.4962158203125, 179.40261840820312, 535.639404296875, 189.19912719726562, 'N', 0, 0, 37)
(537.5143432617188, 179.40261840820312, 541.2369995117188, 189.19912719726562, 'E', 0, 0, 38)
(543.1119384765625, 179.40261840820312, 547.3734130859375, 189.19912719726562, 'S', 0, 0, 39)
(549.2484741210938, 179.40261840820312, 553.5099487304688, 189.19912719726562, 'S', 0, 0, 40)
(330.7734375, 211.57762145996094, 337.24853515625, 223.47412109375, 'C', 1, 0, 0)
(339.49853515625, 211.57762145996094, 344.0956726074219, 223.47412109375, 'E', 1, 0, 1)
(346.3456726074219, 211.57762145996094, 351.88604736328125, 223.47412109375, 'R', 1, 0, 2)
(354.1360168457031, 211.57762145996094, 359.1580505371094, 223.47412109375, 'T', 1, 0, 3)
(361.40802001953125, 211.57762145996094, 363.914794921875, 223.47412109375, 'I', 1, 0, 4)
(366.164794921875, 211.57762145996094, 370.81292724609375, 223.47412109375, 'F', 1, 0, 5)
(373.06292724609375, 211.57762145996094, 375.5697021484375, 223.47412109375, 'I', 1, 0, 6)
(377.8197021484375, 211.57762145996094, 384.2947998046875, 223.47412109375, 'C', 1, 0, 7)
(386.5447998046875, 211.57762145996094, 392.8074645996094, 223.47412109375, 'A', 1, 0, 8)
(395.0574645996094, 211.57762145996094, 400.0794982910156, 223.47412109375, 'T', 1, 0, 9)
(402.3294982910156, 211.57762145996094, 406.9266357421875, 223.47412109375, 'E', 1, 0, 10)
(413.2281188964844, 211.57762145996094, 419.90716552734375, 223.47412109375, 'O', 1, 0, 11)
(422.15716552734375, 211.57762145996094, 426.8052978515625, 223.47412109375, 'F', 1, 0, 12)
(433.1067810058594, 211.57762145996094, 439.5818786621094, 223.47412109375, 'C', 1, 0, 13)
(441.83184814453125, 211.57762145996094, 448.5108947753906, 223.47412109375, 'O', 1, 0, 14)
(450.7608947753906, 211.57762145996094, 458.56158447265625, 223.47412109375, 'M', 1, 0, 15)
(460.81158447265625, 211.57762145996094, 466.114013671875, 223.47412109375, 'P', 1, 0, 16)
(468.364013671875, 211.57762145996094, 472.4173278808594, 223.47412109375, 'L', 1, 0, 17)
(474.6673278808594, 211.57762145996094, 479.26446533203125, 223.47412109375, 'E', 1, 0, 18)
(481.51446533203125, 211.57762145996094, 486.5364990234375, 223.47412109375, 'T', 1, 0, 19)
(488.7864990234375, 211.57762145996094, 491.29327392578125, 223.47412109375, 'I', 1, 0, 20)
(493.54327392578125, 211.57762145996094, 500.2223205566406, 223.47412109375, 'O', 1, 0, 21)
(502.4722900390625, 211.57762145996094, 508.8623962402344, 223.47412109375, 'N', 1, 0, 22)
(333.8203125, 225.60263061523438, 418.5898742675781, 243.7991180419922, 'Introduction', 2, 0, 0)
(421.0723571777344, 225.60263061523438, 434.8106994628906, 243.7991180419922, 'to', 2, 0, 1)
(437.293212890625, 225.60263061523438, 454.60589599609375, 243.7991180419922, 'US', 2, 0, 2)
(457.0884704589844, 225.60263061523438, 508.0646667480469, 243.7991180419922, 'Culture', 2, 0, 3)
(368.37890625, 253.125, 382.9963684082031, 263.625, 'This', 3, 0, 0)
(384.99884033203125, 253.125, 390.7588195800781, 263.625, 'is', 3, 0, 1)
(392.76129150390625, 253.125, 400.291259765625, 263.625, 'to', 3, 0, 2)
(402.29376220703125, 253.125, 430.8987121582031, 263.625, 'proudly', 3, 0, 3)
(432.90118408203125, 253.125, 456.1662292480469, 263.625, 'certify', 3, 0, 4)
(458.168701171875, 253.125, 473.4987487792969, 263.625, 'that', 3, 0, 5)
(384.5859375, 264.9026184082031, 457.28765869140625, 295.6991271972656, 'Tanya', 4, 0, 0)
(240.3046875, 305.4026184082031, 253.16607666015625, 315.1991271972656, 'has', 5, 0, 0)
(255.0343780517578, 305.4026184082031, 297.4671325683594, 315.1991271972656, 'successfully', 5, 0, 1)
(299.33544921875, 305.4026184082031, 337.67474365234375, 315.1991271972656, 'completed', 5, 0, 2)
(339.54302978515625, 305.4026184082031, 350.906982421875, 315.1991271972656, 'the', 5, 0, 3)
(352.78125, 305.4026184082031, 397.6351318359375, 315.1991271972656, 'Introduction', 5, 0, 4)
(399.11859130859375, 305.4026184082031, 406.4169921875, 315.1991271972656, 'to', 5, 0, 5)
(407.90045166015625, 305.4026184082031, 417.13714599609375, 315.1991271972656, 'US', 5, 0, 6)
(418.62060546875, 305.4026184082031, 445.5959167480469, 315.1991271972656, 'Culture', 5, 0, 7)
(447.4737854003906, 305.4026184082031, 484.19659423828125, 315.1991271972656, 'immersive', 5, 0, 8)
(486.0649108886719, 305.4026184082031, 513.0822143554688, 315.1991271972656, 'training', 5, 0, 9)
(514.9505615234375, 305.4026184082031, 547.4329223632812, 315.1991271972656, 'program,', 5, 0, 10)
(549.30126953125, 305.4026184082031, 601.551513671875, 315.1991271972656, 'demonstrating', 5, 0, 11)
(228.12890625, 318.1526184082031, 266.28619384765625, 327.9491271972656, 'knowledge', 6, 0, 0)
(268.154541015625, 318.1526184082031, 274.93511962890625, 327.9491271972656, 'of', 6, 0, 1)
(276.80340576171875, 318.1526184082031, 310.8531799316406, 327.9491271972656, 'American', 6, 0, 2)
(312.7215270996094, 318.1526184082031, 336.9538269042969, 327.9491271972656, 'values,', 6, 0, 3)
(338.8221435546875, 318.1526184082031, 378.9737548828125, 327.9491271972656, 'geography,', 6, 0, 4)
(380.8420715332031, 318.1526184082031, 417.0400390625, 327.9491271972656, 'workplace', 6, 0, 5)
(418.90838623046875, 318.1526184082031, 444.715087890625, 327.9491271972656, 'culture,', 6, 0, 6)
(446.58343505859375, 318.1526184082031, 467.13507080078125, 327.9491271972656, 'social', 6, 0, 7)
(469.00341796875, 318.1526184082031, 501.9755859375, 327.9491271972656, 'etiquette,', 6, 0, 8)
(503.8439025878906, 318.1526184082031, 538.4464721679688, 327.9491271972656, 'traditions,', 6, 0, 9)
(540.3148193359375, 318.1526184082031, 571.1527099609375, 327.9491271972656, 'holidays,', 6, 0, 10)
(573.02099609375, 318.1526184082031, 586.9599609375, 327.9491271972656, 'and', 6, 0, 11)
(588.8282470703125, 318.1526184082031, 613.725341796875, 327.9491271972656, 'history.', 6, 0, 12)
(350.23828125, 343.793701171875, 360.5357666015625, 351.301025390625, '🏆', 7, 0, 0)
(362.3211364746094, 342.375, 385.818603515625, 352.875, 'Score:', 7, 0, 1)
(387.609375, 342.375, 397.2993469238281, 352.875, '60', 7, 0, 2)
(398.7318420410156, 342.375, 411.2493591308594, 352.875, 'pts', 7, 0, 3)
(433.0078125, 343.5935363769531, 440.5078125, 351.0935363769531, '🎖', 7, 1, 0)
(442.2928161621094, 342.375, 473.0578308105469, 352.875, 'Badges:', 7, 1, 1)
(474.84375, 342.375, 477.7462463378906, 352.875, '1', 7, 1, 2)
(479.1787109375, 342.375, 482.37371826171875, 352.875, '/', 7, 1, 3)
(483.80621337890625, 342.375, 491.6361999511719, 352.875, '10', 7, 1, 4)
(357.421875, 375.30523681640625, 424.0348205566406, 394.89825439453125, 'Rachana', 8, 0, 0)
(428.53546142578125, 375.30523681640625, 484.06732177734375, 394.89825439453125, 'Narang', 8, 0, 1)
(326.7421875, 400.43023681640625, 331.52899169921875, 409.52325439453125, 'A', 9, 0, 0)
(333.02899169921875, 400.43023681640625, 337.60797119140625, 409.52325439453125, 'U', 9, 0, 1)
(339.10797119140625, 400.43023681640625, 342.9465026855469, 409.52325439453125, 'T', 9, 0, 2)
(344.446533203125, 400.43023681640625, 349.1943664550781, 409.52325439453125, 'H', 9, 0, 3)
(350.6943359375, 400.43023681640625, 355.7994079589844, 409.52325439453125, 'O', 9, 0, 4)
(357.2994384765625, 400.43023681640625, 361.5341796875, 409.52325439453125, 'R', 9, 0, 5)
(363.0341491699219, 400.43023681640625, 364.9501647949219, 409.52325439453125, 'I', 9, 0, 6)
(366.4501647949219, 400.43023681640625, 370.444580078125, 409.52325439453125, 'S', 9, 0, 7)
(371.944580078125, 400.43023681640625, 375.4583740234375, 409.52325439453125, 'E', 9, 0, 8)
(376.9583740234375, 400.43023681640625, 381.68023681640625, 409.52325439453125, 'D', 9, 0, 9)
(386.05718994140625, 400.43023681640625, 392.0975341796875, 409.52325439453125, '—', 9, 0, 10)
(396.47442626953125, 400.43023681640625, 401.2222595214844, 409.52325439453125, 'H', 9, 0, 11)
(402.7222595214844, 400.43023681640625, 407.82733154296875, 409.52325439453125, 'O', 9, 0, 12)
(409.32733154296875, 400.43023681640625, 414.2115783691406, 409.52325439453125, 'N', 9, 0, 13)
(415.7115783691406, 400.43023681640625, 420.816650390625, 409.52325439453125, 'O', 9, 0, 14)
(422.316650390625, 400.43023681640625, 426.5513916015625, 409.52325439453125, 'R', 9, 0, 15)
(428.0513916015625, 400.43023681640625, 432.7927551269531, 409.52325439453125, 'V', 9, 0, 16)
(434.292724609375, 400.43023681640625, 437.8065185546875, 409.52325439453125, 'E', 9, 0, 17)
(439.3065185546875, 400.43023681640625, 443.1450500488281, 409.52325439453125, 'T', 9, 0, 18)
(447.5219421386719, 400.43023681640625, 451.3604736328125, 409.52325439453125, 'T', 9, 0, 19)
(452.8604736328125, 400.43023681640625, 456.374267578125, 409.52325439453125, 'E', 9, 0, 20)
(457.874267578125, 400.43023681640625, 462.8234558105469, 409.52325439453125, 'C', 9, 0, 21)
(464.32342529296875, 400.43023681640625, 469.0712585449219, 409.52325439453125, 'H', 9, 0, 22)
(470.5712585449219, 400.43023681640625, 475.45550537109375, 409.52325439453125, 'N', 9, 0, 23)
(476.95550537109375, 400.43023681640625, 482.0605773925781, 409.52325439453125, 'O', 9, 0, 24)
(483.5605773925781, 400.43023681640625, 486.65869140625, 409.52325439453125, 'L', 9, 0, 25)
(488.15869140625, 400.43023681640625, 493.2637634277344, 409.52325439453125, 'O', 9, 0, 26)
(494.76373291015625, 400.43023681640625, 499.7129211425781, 409.52325439453125, 'G', 9, 0, 27)
(501.21295166015625, 400.43023681640625, 503.12896728515625, 409.52325439453125, 'I', 9, 0, 28)
(504.62896728515625, 400.43023681640625, 508.14276123046875, 409.52325439453125, 'E', 9, 0, 29)
(509.64276123046875, 400.43023681640625, 513.63720703125, 409.52325439453125, 'S', 9, 0, 30)
(387.3515625, 411.45001220703125, 453.7774658203125, 419.8500061035156, 'honorvettech.com', 10, 0, 0)
(283.734375, 434.759765625, 305.33441162109375, 448.353515625, 'May', 11, 0, 0)
(312.5343933105469, 434.759765625, 334.1343994140625, 448.353515625, '18,', 11, 0, 1)
(341.33441162109375, 434.759765625, 370.1344299316406, 448.353515625, '2026', 11, 0, 2)
(281.21484375, 449.68798828125, 301.58123779296875, 460.10400390625, 'DATE', 12, 0, 0)
(305.0677185058594, 449.68798828125, 315.4153137207031, 460.10400390625, 'OF', 12, 0, 1)
(318.90179443359375, 449.68798828125, 371.92108154296875, 460.10400390625, 'COMPLETION', 12, 0, 2)
(409.4296875, 434.759765625, 467.0295715332031, 448.353515625, 'HonorVet', 13, 0, 0)
(474.2295227050781, 434.759765625, 560.6293334960938, 448.353515625, 'Technologies', 13, 0, 1)
(435.05859375, 449.68798828125, 467.99420166015625, 460.10400390625, 'ISSUING', 14, 0, 0)
(471.48065185546875, 449.68798828125, 534.2806396484375, 460.10400390625, 'ORGANISATION', 14, 0, 1)
